33.4236560783811 -111.93103414881
33.3434529745563 -111.968168893125
33.5098278291286 -111.919542948257
33.3922567406121 -111.961191366848
33.4404540808714 -112.0057138685
33.6921627133654 -111.924217124038
33.3097829398167 -112.003327874444
33.5105830908188 -112.072961302313
33.45415022833 -112.071652814978
33.4865363128615 -112.008826030423
33.3698553531525 -111.916777454975
33.549707280528 -112.16759904068
33.6183396284754 -112.002670135803
33.5739304190093 -112.099415323944
33.6475344562673 -112.193217882291
33.4735141503333 -111.922603984095
33.38933759577 -112.0687270925
33.4767780368436 -112.139604399615
33.6075673464134 -111.901627553433
33.683011471438 -112.09510215578
33.4901966563937 -112.237660759125
