36.1777911569914 -115.227865002371
36.010999531863 -115.108521007185
36.0298024052778 -114.974305858111
36.2645069739811 -115.253299850962
36.0338019784889 -115.173892155815
36.0571423661528 -115.053894256028
36.1232976178111 -115.07559532125
36.1626178570931 -115.138486717806
36.1131819949732 -115.137863882482
36.1121357358545 -115.290454438773
36.17045138264 -115.308535771889
36.071617883675 -115.245950443417
36.1853376058437 -115.065458288
36.1184979351621 -115.185422904576
36.0692611273909 -115.127509984242
