AZ LAT

33.3680204106439
33.5513263679575
33.4191005812575
33.3206620672519
33.6475344562673
33.6202658402698
33.5064620509514
33.4338238698194
33.5704645421588
33.4713393574031
33.4901966563937
33.38933759577
33.4907497449467
33.6258746007098
33.5669890984022
33.6434016345488
33.481883617037
33.6921627133654
33.4547937547533
33.7549213370267
33.5153816108833

AZ LONG

-111.937278425877
-112.16987910283
-111.930411420762
-111.996010633889
-112.193217882291
-112.003541090222
-112.102802573081
-112.002719203806
-111.902098937118
-112.143296152656
-112.237660759125
-112.0687270925
-111.923354670133
-111.902092312976
-112.098347091152
-112.094734712927
-112.006621484109
-111.924217124038
-112.071723449293
-112.1103490306
-112.051222913595

NC LAT

35.3337158733333
35.2101328061046
35.1336684023176
35.2450641676905
35.321787470052
35.22687819065
35.2188630648672
35.1540503418536
35.1464409776688
35.064249296571

NC LONG

-80.8856589844467
-80.7376562307909
-80.9511466323529
-80.7884219815
-80.751264173392
-80.9367513872071
-80.8403974069171
-80.84937486975
-80.7394182445125
-80.8244817318161

NV LAT

36.204786321624
36.1236591738077
36.2445972052452
36.1330092254756
36.1863503177167
36.146129054128
36.086253360566
36.1741795254608
36.1593619233094
36.1699268353344
36.10093813985
36.15137671734
36.0571423661528
36.0120736592964
36.0641220864067
36.1131292982223
36.0350959338333
36.2860356644917
36.1239839097486
36.0298024052778

NV LONG
-115.28325388068
-115.210829679831
-115.230857899226
-115.149017764951
-115.063581193433
-115.28423732576
-115.126340571
-115.22380780851
-115.1169459815
-115.150864758625
-115.296948697071
-115.32880456685
-115.053894256028
-115.108953649786
-115.247846716767
-115.170883941318
-115.170515366433
-115.274357285667
-115.074896747571
-114.974305858111

OH LAT

41.4550530581143
41.4071982417
41.5064906524667
41.4098586
41.5678084057571
41.4966249927333
41.4922707433523
41.5305732472
41.3854093413909

OH LONG
-81.7965261376214
-81.7259134689433
-81.5276749901111
-81.60088805
-81.5659146178571
-81.5893358967722
-81.6953528074977
-81.4722489165125
-81.8182749737182

PA LAT

40.443101004513
40.469944384775
40.4611251121778
40.47426946575
40.5334331109
40.46562347638
40.4541230810182
40.3709115302207
40.4288467857143
40.4325608051289

PA LONG

-80.0132646182945
-79.8747138770083
-80.1839637493889
-79.9527863092636
-80.0282144034241
-79.78452897137
-79.9345153220455
-80.0211482213603
-79.9195599666666
-79.9739085409289

WI LAT

43.0596227534063
43.0955175668526
43.02363225
43.0688830995909
43.106817527325
43.0688909265167
43.0445359293125
43.07931858088

WI LONG

-89.5085100111562
-89.3579323200632
-89.4927723
-89.393539809603
-89.30979186288
-89.4331714505667
-89.46016452385
-89.46893673672
